{
 "cells": [
  {
   "cell_type": "code",
   "execution_count": 1,
   "id": "1143678d",
   "metadata": {},
   "outputs": [],
   "source": [
    "import torch"
   ]
  },
  {
   "cell_type": "code",
   "execution_count": 2,
   "id": "08489e74",
   "metadata": {},
   "outputs": [],
   "source": [
    "S = torch.rand((15, 15))\n",
    "s = S @ S.T"
   ]
  },
  {
   "cell_type": "code",
   "execution_count": 33,
   "id": "1e8cd15a",
   "metadata": {},
   "outputs": [],
   "source": [
    "import torch\n",
    "from torch.distributions import MultivariateNormal\n",
    "\n",
    "# Define the mean vector and covariance matrix\n",
    "mean = torch.zeros(s.shape[0])  \n",
    "covariance = s  #\n",
    "\n",
    "# Create the multivariate normal distribution\n",
    "distribution = MultivariateNormal(mean, covariance)\n",
    "\n",
    "# Sample from the distribution\n",
    "sample = distribution.sample(sample_shape=(100000,))"
   ]
  },
  {
   "cell_type": "code",
   "execution_count": 34,
   "id": "1b61218a",
   "metadata": {},
   "outputs": [
    {
     "data": {
      "text/plain": [
       "100000"
      ]
     },
     "execution_count": 34,
     "metadata": {},
     "output_type": "execute_result"
    }
   ],
   "source": [
    "sample.shape[0]"
   ]
  },
  {
   "cell_type": "code",
   "execution_count": 35,
   "id": "ddf32f8a",
   "metadata": {},
   "outputs": [
    {
     "data": {
      "text/plain": [
       "tensor([[4.9593, 3.9176, 2.7018, 3.3019, 3.9377, 3.2947, 3.1359, 4.1578, 3.2765,\n",
       "         2.9271, 2.3893, 4.0557, 3.2244, 3.3180, 4.1087],\n",
       "        [3.9176, 5.7903, 3.0810, 3.5977, 4.0998, 3.7221, 3.3206, 4.5358, 2.9777,\n",
       "         4.7429, 3.3801, 4.1513, 4.1326, 3.8168, 3.1529],\n",
       "        [2.7018, 3.0810, 4.1116, 2.7378, 2.8606, 2.4263, 2.5282, 3.3104, 3.0560,\n",
       "         3.4859, 3.3553, 3.3051, 2.7717, 3.2117, 2.8551],\n",
       "        [3.3019, 3.5977, 2.7378, 3.7278, 3.7389, 3.0042, 2.5828, 3.0253, 2.9238,\n",
       "         3.6723, 3.1299, 3.7889, 2.9031, 3.8959, 3.1919],\n",
       "        [3.9377, 4.0998, 2.8606, 3.7389, 4.8251, 3.2363, 2.8538, 3.4311, 3.1062,\n",
       "         3.9841, 3.0908, 3.6384, 3.8807, 4.1486, 3.6114],\n",
       "        [3.2947, 3.7221, 2.4263, 3.0042, 3.2363, 4.0333, 3.0831, 4.1520, 2.8976,\n",
       "         3.4519, 3.0841, 3.9832, 3.1996, 3.7281, 3.6461],\n",
       "        [3.1359, 3.3206, 2.5282, 2.5828, 2.8538, 3.0831, 3.5182, 3.4325, 2.4702,\n",
       "         2.8884, 2.8397, 3.3422, 2.3232, 3.2047, 3.1487],\n",
       "        [4.1578, 4.5358, 3.3104, 3.0253, 3.4311, 4.1520, 3.4325, 5.6610, 3.5081,\n",
       "         3.8678, 3.3704, 4.5496, 3.7849, 4.0487, 4.3682],\n",
       "        [3.2765, 2.9777, 3.0560, 2.9238, 3.1062, 2.8976, 2.4702, 3.5081, 3.5550,\n",
       "         3.2721, 3.2658, 3.1246, 3.0659, 3.4039, 3.6317],\n",
       "        [2.9271, 4.7429, 3.4859, 3.6723, 3.9841, 3.4519, 2.8884, 3.8678, 3.2721,\n",
       "         5.3217, 4.4539, 3.8232, 4.2899, 4.5990, 3.2686],\n",
       "        [2.3893, 3.3801, 3.3553, 3.1299, 3.0908, 3.0841, 2.8397, 3.3704, 3.2658,\n",
       "         4.4539, 4.8624, 3.1412, 3.6007, 4.3266, 3.3771],\n",
       "        [4.0557, 4.1513, 3.3051, 3.7889, 3.6384, 3.9832, 3.3422, 4.5496, 3.1246,\n",
       "         3.8232, 3.1412, 5.5623, 2.9793, 4.1119, 3.9115],\n",
       "        [3.2244, 4.1326, 2.7717, 2.9031, 3.8807, 3.1996, 2.3232, 3.7849, 3.0659,\n",
       "         4.2899, 3.6007, 2.9793, 4.5159, 3.6601, 3.1565],\n",
       "        [3.3180, 3.8168, 3.2117, 3.8959, 4.1486, 3.7281, 3.2047, 4.0487, 3.4039,\n",
       "         4.5990, 4.3266, 4.1119, 3.6601, 5.3704, 4.4085],\n",
       "        [4.1087, 3.1529, 2.8551, 3.1919, 3.6114, 3.6461, 3.1487, 4.3682, 3.6317,\n",
       "         3.2686, 3.3771, 3.9115, 3.1565, 4.4085, 5.2160]])"
      ]
     },
     "execution_count": 35,
     "metadata": {},
     "output_type": "execute_result"
    }
   ],
   "source": [
    "torch.cov(sample.T)"
   ]
  },
  {
   "cell_type": "code",
   "execution_count": 36,
   "id": "33fe4a37",
   "metadata": {},
   "outputs": [
    {
     "data": {
      "text/plain": [
       "tensor([[0.0040, 0.0121, 0.6233, 0.0977, 0.0489, 0.1046, 0.1945, 0.2708, 0.2994,\n",
       "         0.1302, 0.5510, 0.2940, 0.5073, 0.0359, 0.0340],\n",
       "        [0.0121, 0.0036, 0.0802, 0.1764, 0.1233, 0.1245, 0.3553, 0.0640, 0.0281,\n",
       "         0.0076, 0.0166, 0.4315, 0.3845, 0.0224, 0.0845],\n",
       "        [0.6233, 0.0802, 0.2576, 0.1240, 0.3504, 0.0199, 0.0939, 0.5048, 0.5470,\n",
       "         0.0286, 0.2058, 0.0080, 0.4941, 0.3196, 0.7950],\n",
       "        [0.0977, 0.1764, 0.1240, 0.1326, 0.0335, 0.2002, 0.3720, 0.0359, 0.1080,\n",
       "         0.0070, 0.1349, 0.3503, 0.2660, 0.0342, 0.1569],\n",
       "        [0.0489, 0.1233, 0.3504, 0.0335, 0.1661, 0.0265, 0.1807, 0.2125, 0.1198,\n",
       "         0.1550, 0.2451, 0.2707, 0.4282, 0.1226, 0.1592],\n",
       "        [0.1046, 0.1245, 0.0199, 0.2002, 0.0265, 0.3259, 0.5215, 0.0159, 0.0983,\n",
       "         0.0230, 0.1841, 0.6021, 0.4303, 0.0198, 0.0892],\n",
       "        [0.1945, 0.3553, 0.0939, 0.3720, 0.1807, 0.5215, 0.6086, 0.1872, 0.0106,\n",
       "         0.3425, 0.1602, 0.7762, 0.2519, 0.3468, 0.2424],\n",
       "        [0.2708, 0.0640, 0.5048, 0.0359, 0.2125, 0.0159, 0.1872, 0.3320, 0.5382,\n",
       "         0.1516, 0.4636, 0.2335, 0.6428, 0.1388, 0.2441],\n",
       "        [0.2994, 0.0281, 0.5470, 0.1080, 0.1198, 0.0983, 0.0106, 0.5382, 0.5870,\n",
       "         0.2015, 0.5485, 0.1142, 0.4838, 0.3766, 0.5692],\n",
       "        [0.1302, 0.0076, 0.0286, 0.0070, 0.1550, 0.0230, 0.3425, 0.1516, 0.2015,\n",
       "         0.1605, 0.2350, 0.2737, 0.4464, 0.2557, 0.5153],\n",
       "        [0.5510, 0.0166, 0.2058, 0.1349, 0.2451, 0.1841, 0.1602, 0.4636, 0.5485,\n",
       "         0.2350, 0.3422, 0.1507, 0.6034, 0.4179, 0.8008],\n",
       "        [0.2940, 0.4315, 0.0080, 0.3503, 0.2707, 0.6021, 0.7762, 0.2335, 0.1142,\n",
       "         0.2737, 0.1507, 0.4654, 0.0852, 0.3305, 0.3180],\n",
       "        [0.5073, 0.3845, 0.4941, 0.2660, 0.4282, 0.4303, 0.2519, 0.6428, 0.4838,\n",
       "         0.4464, 0.6034, 0.0852, 0.6615, 0.6095, 0.7665],\n",
       "        [0.0359, 0.0224, 0.3196, 0.0342, 0.1226, 0.0198, 0.3468, 0.1388, 0.3766,\n",
       "         0.2557, 0.4179, 0.3305, 0.6095, 0.2017, 0.2856],\n",
       "        [0.0340, 0.0845, 0.7950, 0.1569, 0.1592, 0.0892, 0.2424, 0.2441, 0.5692,\n",
       "         0.5153, 0.8008, 0.3180, 0.7665, 0.2856, 0.1461]])"
      ]
     },
     "execution_count": 36,
     "metadata": {},
     "output_type": "execute_result"
    }
   ],
   "source": [
    "(torch.abs(torch.cov(sample.T) - s)/s)*100"
   ]
  },
  {
   "cell_type": "code",
   "execution_count": null,
   "id": "f4831fa8",
   "metadata": {},
   "outputs": [],
   "source": []
  }
 ],
 "metadata": {
  "kernelspec": {
   "display_name": "Python 3 (ipykernel)",
   "language": "python",
   "name": "python3"
  },
  "language_info": {
   "codemirror_mode": {
    "name": "ipython",
    "version": 3
   },
   "file_extension": ".py",
   "mimetype": "text/x-python",
   "name": "python",
   "nbconvert_exporter": "python",
   "pygments_lexer": "ipython3",
   "version": "3.10.9"
  }
 },
 "nbformat": 4,
 "nbformat_minor": 5
}
